const array1 = [
  [2000, 1950, 1940, 2010, 1982, 2000, 2050, 2020],
  [1600, 1800, 1770, 1910, 1900, 1885, 1990, 2000],  
  [1550, 1788, 1700, 1840, 3000, 1830, 1800, 1880],
  [1400, 1426, 1500, 1550, 1620, 1600, 1585, 1515],
  [1350, 1330, 1300, 1310, 1440, 1330, 1370, 1400],
  [1360, 1290, 1200, 1220, 1250, 1299, 1375, 1195],
  [1100, 1110, 1120, 1000, 1260, 1040, 1100, 990],
  [1105, 900, 1000, 1005, 920, 930, 810, 800],
  [775, 840, 910, 920, 900, 850, 830, 920],
  [720, 700, 840, 880, 590, 720, 700, 550]
];


const array2 = [
  [9, 8, 8, 8, 8, 8, 8, 12],
  [1, 0, 0, 0, 4, 1, 0, 4],  
  [1, 0, 0, 0, 0, 0, 0, 4],
  [1, 0, 4, 1, 0, 0, 0, 4],
  [0, 0, 0, 0, 0, 2, 0, 4],
  [1, 0, 0, 0, 0, 8, 0, 4],
  [1, 6, 1, 0, 0, 0, 0, 4],
  [1, 8, 0, 4, 3, 0, 0, 0],
  [1, 0, 0, 0, 8, 0, 0, 4],
  [3, 2, 2, 0, 0, 2, 2, 6]
];


const array3 = [
  [100, 120, 100, 100, 90, 120, 110, 100],
  [200, 250, 240, 200, 220, 250, 200, 240],  
  [180, 200, 220, 200, 250, 190, 200, 200],
  [100, 120, 120, 140, 100, 160, 120, 100],
  [180, 180, 190, 170, 170, 160, 170, 180],
  [210, 200, 200, 210, 230, 200, 210, 200],
  [120, 110, 100, 130, 130, 120, 120, 110],
  [230, 200, 210, 220, 200, 200, 190, 210],
  [160, 110, 120, 140, 170, 120, 110, 120],
  [170, 220, 90, 150, 80, 150, 200, 100]
];


const array4 = [
  [false, false, false, false, false, false, false, false],
  [true, false, false, false, true, false, false, false],  
  [true, true, false, false, false, false, false, true],
  [false, false, false, false, false, false, false, false],
  [false, false, false, false, false, true, false, false],
  [false, false, false, true, false, false, false, false],
  [false, false, false, false, false, false, true, false],
  [false, false, false, false, true, false, false, false],
  [false, false, false, false, false, false, false, false],
  [false, false, false, true, false, false, false, true]
];